87
87
89
89
85
86
87
83
86
86
95
96
89
90
90
91
89
91
88
82
87
85
90
86
84
89
87
87
87
86
87
85
86
87
88
98
91
91
89
84
89
86
88
85
87
88
89
88
85
86
89
86
89
86
85
89
94
116
120
123
125
125
122
122
120
116
97
89
89
88
88
89
89
87
88
89
88
89
86
89
94
112
128
106
104
106
102
103
110
140
96
94
87
83
82
85
84
83
84
84
84
82
83
82
90
108
123
125
122
121
119
124
124
117
98
88
85
83
82
82
84
81
82
84
83
82
81
82
90
109
116
117
118
118
112
120
122
109
100
93
86
84
82
81
83
82
81
83
82
83
79
81
91
111
117
123
122
116
96
97
95
94
82
76
71
71
71
72
71
72
71
72
70
71
67
69
66
71
78
78
76
75
69
74
77
72
71
71
69
72
70
71
70
71
70
72
68
71
69
70
68
69
73
74
74
82
72
75
69
71
72
69
71
71
72
70
69
69
72
70
70
72
67
69
96
107
123
128
128
124
119
121
123
120
92
87
74
72
73
72
70
70
69
70
67
69
69
69
75
95
100
113
120
119
113
120
116
114
105
98
88
88
86
85
87
86
86
86
86
86
85
85
86
90
94
97
98
98
95
96
95
95
94
91
91
87
86
87
87
85
87
87
88
84
88
86
95
119
130
128
132
134
121
126
127
115
109
94
88
85
87
84
85
86
85
84
86
84
83
85
97
113
119
129
137
123
117
115
111
105
99
94
88
86
88
88
86
85
88
85
87
84
87
83
82
87
88
93
93
94
92
93
91
85
86
86
83
87
85
86
87
84
84
84
85
84
84
84
83
84
92
92
92
92
90
94
87
87
86
85
84
87
85
86
86
85
86
84
86
86
84
86
99
112
124
125
128
127
123
121
122
118
104
100
91
89
90
90
88
90
89
88
88
89
87
90
152
211
238
258
253
250
245
246
232
236
220
213
205
200
204
202
201
202
204
204
205
202
203
203
219
197
148
149
153
157
151
151
147
139
124
123
111
113
111
115
109
120
113
111
115
113
109
115
104
117
127
121
116
117
116
118
127
133
122
110
101
100
100
99
101
100
108
97
102
105
97
108
125
133
144
144
138
118
106
105
99
93
89
80
76
73
71
75
71
72
74
72
72
74
73
75
68
73
75
77
72
74
76
76
78
75
75
76
69
70
76
71
73
72
71
72
72
71
72
75
68
71
74
73
76
73
75
74
74
71
73
73
74
69
72
72
71
74
71
75
74
72
77
73
97
114
118
113
115
115
111
112
113
112
97
93
76
80
78
75
80
76
78
80
76
80
74
80
115
122
132
131
132
132
131
126
131
131
118
117
103
101
98
99
